[[-1.57985921e+02 -4.94523250e+01]
 [-1.57081619e+02 -4.90254325e+01]
 [-1.56177317e+02 -4.85985400e+01]
 [-1.55273014e+02 -4.81716475e+01]
 [-1.54368712e+02 -4.77447550e+01]
 [-1.53464409e+02 -4.73178625e+01]
 [-1.52560107e+02 -4.68909700e+01]
 [-1.51655805e+02 -4.64640775e+01]
 [-1.50751502e+02 -4.60371850e+01]
 [-1.49847200e+02 -4.56102925e+01]
 [-1.48942898e+02 -4.51834000e+01]
 [-1.48038595e+02 -4.47565075e+01]
 [-1.47134293e+02 -4.43296150e+01]
 [-1.46229990e+02 -4.39027225e+01]
 [-1.45325688e+02 -4.34758300e+01]
 [-1.44421386e+02 -4.30489375e+01]
 [-1.43517083e+02 -4.26220450e+01]
 [-1.42612781e+02 -4.21951525e+01]
 [-1.41708479e+02 -4.17682600e+01]
 [-1.40804176e+02 -4.13413675e+01]
 [-1.39899874e+02 -4.09144750e+01]
 [-1.38995571e+02 -4.04875825e+01]
 [-1.38091269e+02 -4.00606900e+01]
 [-1.37186967e+02 -3.96337975e+01]
 [-1.36282664e+02 -3.92069050e+01]
 [-1.35378362e+02 -3.87800125e+01]
 [-1.34474060e+02 -3.83531200e+01]
 [-1.33569757e+02 -3.79262275e+01]
 [-1.32665455e+02 -3.74993350e+01]
 [-1.31761152e+02 -3.70724425e+01]
 [-1.30856850e+02 -3.66455500e+01]
 [-1.29952548e+02 -3.62186558e+01]
 [-1.29048247e+02 -3.57917618e+01]
 [-1.28143943e+02 -3.53648721e+01]
 [-1.27239636e+02 -3.49379892e+01]
 [-1.26335329e+02 -3.45111064e+01]
 [-1.25431026e+02 -3.40842146e+01]
 [-1.24526732e+02 -3.36573043e+01]
 [-1.23622449e+02 -3.32303723e+01]
 [-1.22718164e+02 -3.28034432e+01]
 [-1.21813862e+02 -3.23765499e+01]
 [-1.20909527e+02 -3.19497257e+01]
 [-1.20005155e+02 -3.15229814e+01]
 [-1.19100788e+02 -3.10962257e+01]
 [-1.18196484e+02 -3.06693356e+01]
 [-1.17292302e+02 -3.02421878e+01]
 [-1.16388180e+02 -2.98149149e+01]
 [-1.15483498e+02 -2.93888278e+01]
 [-1.14577473e+02 -2.89656055e+01]
 [-1.13669336e+02 -2.85469362e+01]
 [-1.12758567e+02 -2.81340229e+01]
 [-1.11845689e+02 -2.77257914e+01]
 [-1.10931524e+02 -2.73204502e+01]
 [-1.10016877e+02 -2.69161973e+01]
 [-1.09102416e+02 -2.65115228e+01]
 [-1.08188214e+02 -2.61062645e+01]
 [-1.07274157e+02 -2.57006792e+01]
 [-1.06360130e+02 -2.52950253e+01]
 [-1.05446039e+02 -2.48895171e+01]
 [-1.04531877e+02 -2.44841673e+01]
 [-1.03617667e+02 -2.40789256e+01]
 [-1.02703432e+02 -2.36737414e+01]
 [-1.01789194e+02 -2.32685634e+01]
 [-1.00874978e+02 -2.28633364e+01]
 [-9.99608090e+01 -2.24580042e+01]
 [-9.90467112e+01 -2.20525102e+01]
 [-9.81326244e+01 -2.16469918e+01]
 [-9.72180994e+01 -2.12424627e+01]
 [-9.63025698e+01 -2.08402131e+01]
 [-9.53854782e+01 -2.04415389e+01]
 [-9.44664502e+01 -2.00473492e+01]
 [-9.35458776e+01 -1.96567789e+01]
 [-9.26243778e+01 -1.92684003e+01]
 [-9.17025593e+01 -1.88807787e+01]
 [-9.07808250e+01 -1.84929566e+01]
 [-8.98586718e+01 -1.81061324e+01]
 [-8.89353178e+01 -1.77221845e+01]
 [-8.80099973e+01 -1.73430032e+01]
 [-8.70821988e+01 -1.69699264e+01]
 [-8.61524369e+01 -1.66017673e+01]
 [-8.52215214e+01 -1.62365332e+01]
 [-8.42902450e+01 -1.58722199e+01]
 [-8.33592034e+01 -1.55073067e+01]
 [-8.24281411e+01 -1.51424467e+01]
 [-8.14965346e+01 -1.47789788e+01]
 [-8.05638650e+01 -1.44182487e+01]
 [-7.96297670e+01 -1.40612341e+01]
 [-7.86945133e+01 -1.37072567e+01]
 [-7.77585685e+01 -1.33551102e+01]
 [-7.68223909e+01 -1.30035828e+01]
 [-7.58863599e+01 -1.26516655e+01]
 [-7.49505145e+01 -1.22992546e+01]
 [-7.40147861e+01 -1.19465331e+01]
 [-7.30791052e+01 -1.15936858e+01]
 [-7.21434079e+01 -1.12408819e+01]
 [-7.12076562e+01 -1.08882226e+01]
 [-7.02718201e+01 -1.05357871e+01]
 [-6.93358698e+01 -1.01836549e+01]
 [-6.83996185e+01 -9.83232419e+00]
 [-6.74621902e+01 -9.48414919e+00]
 [-6.65225166e+01 -9.14208580e+00]
 [-6.55795850e+01 -8.80911705e+00]
 [-6.46327995e+01 -8.48727047e+00]
 [-6.36830596e+01 -8.17423865e+00]
 [-6.27316527e+01 -7.86630408e+00]
 [-6.17798081e+01 -7.55972327e+00]
 [-6.08283779e+01 -7.25185891e+00]
 [-5.98766391e+01 -6.94495113e+00]
 [-5.89233807e+01 -6.64280242e+00]
 [-5.79674452e+01 -6.34924534e+00]
 [-5.70080926e+01 -6.06705801e+00]
 [-5.60460189e+01 -5.79427960e+00]
 [-5.50822871e+01 -5.52741052e+00]
 [-5.41178972e+01 -5.26292620e+00]
 [-5.31536563e+01 -4.99789901e+00]
 [-5.21896458e+01 -4.73203483e+00]
 [-5.12257148e+01 -4.46588266e+00]
 [-5.02617103e+01 -4.19999659e+00]
 [-4.92973059e+01 -3.93556674e+00]
 [-4.83314339e+01 -3.67655934e+00]
 [-4.73628629e+01 -3.42785531e+00]
 [-4.63905146e+01 -3.19438875e+00]
 [-4.54137888e+01 -2.97998515e+00]
 [-4.44333071e+01 -2.78344454e+00]
 [-4.34499297e+01 -2.60192292e+00]
 [-4.24643840e+01 -2.43254749e+00]
 [-4.14772389e+01 -2.27274469e+00]
 [-4.04887813e+01 -2.12126820e+00]
 [-3.94992024e+01 -1.97729357e+00]
 [-3.85086748e+01 -1.83999398e+00]
 [-3.75173466e+01 -1.70859707e+00]
 [-3.65253201e+01 -1.58257817e+00]
 [-3.55326792e+01 -1.46149183e+00]
 [-3.45395011e+01 -1.34489241e+00]
 [-3.35458403e+01 -1.23248053e+00]
 [-3.25516789e+01 -1.12458775e+00]
 [-3.15569823e+01 -1.02174945e+00]
 [-3.05617236e+01 -9.24503234e-01]
 [-2.95659277e+01 -8.32917864e-01]
 [-2.85697959e+01 -7.45048995e-01]
 [-2.75735655e+01 -6.58302674e-01]
 [-2.65774651e+01 -5.70080657e-01]
 [-2.55816459e+01 -4.78737318e-01]
 [-2.45858907e+01 -3.86697050e-01]
 [-2.35898605e+01 -2.97695593e-01]
 [-2.25932496e+01 -2.15480375e-01]
 [-2.15958930e+01 -1.42883012e-01]
 [-2.05979512e+01 -7.87998646e-02]
 [-1.95996327e+01 -2.08542142e-02]
 [-1.86011026e+01  3.33393890e-02]
 [-1.76024855e+01  8.59122963e-02]
 [-1.66038383e+01  1.37910710e-01]
 [-1.56051975e+01  1.90030556e-01]
 [-1.46065996e+01  2.42965032e-01]
 [-1.36080181e+01  2.96205931e-01]
 [-1.26091716e+01  3.44138892e-01]
 [-1.16098096e+01  3.79482838e-01]
 [-1.06099564e+01  3.94915216e-01]
 [-9.61003077e+00  3.85420365e-01]
 [-8.61048224e+00  3.55819706e-01]
 [-7.61135650e+00  3.14096795e-01]
 [-6.61240940e+00  2.68221773e-01]
 [-5.61335787e+00  2.24692323e-01]
 [-4.61419224e+00  1.83855128e-01]
 [-3.61498404e+00  1.44068835e-01]
 [-2.61580012e+00  1.03679517e-01]
 [-1.61668562e+00  6.16080974e-02]
 [-6.17585349e-01  1.91984543e-02]
 [ 3.81588835e-01 -2.14232849e-02]
 [ 1.38091381e+00 -5.81259191e-02]
 [ 2.38042975e+00 -8.91794895e-02]
 [ 3.38010632e+00 -1.14552375e-01]
 [ 4.37990082e+00 -1.34764436e-01]
 [ 5.37977854e+00 -1.50339838e-01]
 [ 6.37972263e+00 -1.60659219e-01]
 [ 7.37971236e+00 -1.60288772e-01]
 [ 8.37952642e+00 -1.42224588e-01]
 [ 9.37857091e+00 -9.94530229e-02]
 [ 1.03755949e+01 -2.34176394e-02]
 [ 1.13676496e+01  1.01050054e-01]
 [ 1.23491801e+01  2.90863983e-01]
 [ 1.33114897e+01  5.61273081e-01]
 [ 1.42428832e+01  9.23764642e-01]
 [ 1.51279347e+01  1.38765009e+00]
 [ 1.59436992e+01  1.96418605e+00]
 [ 1.66566912e+01  2.66315517e+00]
 [ 1.72329226e+01  3.47857556e+00]
 [ 1.76743745e+01  4.37476555e+00]
 [ 1.80009694e+01  5.31929489e+00]
 [ 1.82333385e+01  6.29154865e+00]
 [ 1.83878442e+01  7.27929167e+00]
 [ 1.84760643e+01  8.27522479e+00]
 [ 1.85106943e+01  9.27452518e+00]
 [ 1.85055951e+01  1.02744635e+01]
 [ 1.84715499e+01  1.12738482e+01]
 [ 1.84086358e+01  1.22718254e+01]
 [ 1.83144919e+01  1.32673352e+01]
 [ 1.81867218e+01  1.42590824e+01]
 [ 1.80247514e+01  1.52458291e+01]
 [ 1.78336427e+01  1.62273658e+01]
 [ 1.76196170e+01  1.72041750e+01]
 [ 1.73887901e+01  1.81771606e+01]
 [ 1.71462562e+01  1.91472983e+01]
 [ 1.68942251e+01  2.01150138e+01]
 [ 1.66342941e+01  2.10806385e+01]
 [ 1.63680528e+01  2.20445434e+01]
 [ 1.60965837e+01  2.30069891e+01]
 [ 1.58194326e+01  2.39678136e+01]
 [ 1.55358235e+01  2.49267512e+01]
 [ 1.52449876e+01  2.58835213e+01]
 [ 1.49467500e+01  2.68380106e+01]
 [ 1.46427423e+01  2.77906790e+01]
 [ 1.43349673e+01  2.87421378e+01]
 [ 1.40254180e+01  2.96930212e+01]
 [ 1.37156590e+01  3.06438363e+01]
 [ 1.34059512e+01  3.15946681e+01]
 [ 1.30962815e+01  3.25455123e+01]
 [ 1.27866372e+01  3.34963647e+01]
 [ 1.24770050e+01  3.44472211e+01]
 [ 1.21673705e+01  3.53980768e+01]
 [ 1.18577191e+01  3.63489269e+01]
 [ 1.15480363e+01  3.72997669e+01]
 [ 1.12383221e+01  3.82505966e+01]
 [ 1.09286214e+01  3.92014306e+01]
 [ 1.06189883e+01  4.01522868e+01]
 [ 1.03094761e+01  4.11031822e+01]
 [ 9.99994849e+00  4.20540727e+01]
 [ 9.68968300e+00  4.30047226e+01]
 [ 9.37783596e+00  4.39548547e+01]
 [ 9.06356669e+00  4.49041882e+01]
 [ 8.74640530e+00  4.58525594e+01]
 [ 8.42702476e+00  4.68001858e+01]
 [ 8.10633271e+00  4.77473693e+01]
 [ 7.78523457e+00  4.86944152e+01]
 [ 7.46441699e+00  4.96415562e+01]
 [ 7.14388872e+00  5.05887951e+01]
 [ 6.82351871e+00  5.15360876e+01]
 [ 6.50317599e+00  5.24833893e+01]
 [ 6.18275916e+00  5.34306660e+01]
 [ 5.86225886e+00  5.43779144e+01]
 [ 5.54168464e+00  5.53251378e+01]
 [ 5.22104632e+00  5.62723395e+01]
 [ 4.90042648e+00  5.72195475e+01]
 [ 4.58013469e+00  5.81668664e+01]
 [ 4.26052712e+00  5.91144164e+01]
 [ 3.94195965e+00  6.00623165e+01]
 [ 3.62462733e+00  6.10106308e+01]
 [ 3.30822117e+00  6.19592546e+01]
 [ 2.99232914e+00  6.29080497e+01]
 [ 2.67653932e+00  6.38568789e+01]
 [ 2.36056312e+00  6.48056460e+01]
 [ 2.04449852e+00  6.57543837e+01]
 [ 1.72852194e+00  6.67031507e+01]
 [ 1.41280949e+00  6.76520056e+01]
 [ 1.09740317e+00  6.86009623e+01]
 [ 7.81923662e-01  6.95498947e+01]
 [ 4.65906555e-01  7.04986482e+01]
 [ 1.48887031e-01  7.14470671e+01]
 [-1.69965823e-01  7.23948710e+01]
 [-4.92634489e-01  7.33413818e+01]
 [-8.21326044e-01  7.42858168e+01]
 [-1.15823222e+00  7.52273510e+01]
 [-1.50441960e+00  7.61655131e+01]
 [-1.85747010e+00  7.71011161e+01]
 [-2.21429047e+00  7.80352889e+01]
 [-2.57180364e+00  7.89691969e+01]
 [-2.92772085e+00  7.99037143e+01]
 [-3.28223090e+00  8.08387664e+01]
 [-3.63601778e+00  8.17740925e+01]
 [-3.98976600e+00  8.27094332e+01]
 [-4.34397464e+00  8.36445996e+01]
 [-4.69855557e+00  8.45796249e+01]
 [-5.05330415e+00  8.55145866e+01]
 [-5.40801591e+00  8.64495624e+01]
 [-5.76277202e+00  8.73845212e+01]
 [-6.11855769e+00  8.83190887e+01]
 [-6.47653533e+00  8.92528185e+01]
 [-6.83786407e+00  9.01852563e+01]
 [-7.20318195e+00  9.11161385e+01]
 [-7.57149784e+00  9.20458389e+01]
 [-7.94150172e+00  9.29748691e+01]
 [-8.31188661e+00  9.39037474e+01]
 [-8.68168932e+00  9.48328577e+01]
 [-9.05102411e+00  9.57621541e+01]
 [-9.42022022e+00  9.66915056e+01]
 [-9.78960695e+00  9.76207814e+01]
 [-1.01593578e+01  9.85499123e+01]
 [-1.05291585e+01  9.94790234e+01]
 [-1.08985971e+01  1.00408279e+02]
 [-1.12672617e+01  1.01337841e+02]
 [-1.16348453e+01  1.02267831e+02]
 [-1.20013698e+01  1.03198240e+02]
 [-1.23669236e+01  1.04129030e+02]
 [-1.27315953e+01  1.05060166e+02]
 [-1.30955083e+01  1.05991599e+02]
 [-1.34588942e+01  1.06923238e+02]
 [-1.38220069e+01  1.07854983e+02]
 [-1.41851000e+01  1.08786736e+02]
 [-1.45483594e+01  1.09718424e+02]
 [-1.49117600e+01  1.10650057e+02]
 [-1.52752341e+01  1.11581661e+02]
 [-1.56387137e+01  1.12513263e+02]
 [-1.60021489e+01  1.13444883e+02]
 [-1.63655451e+01  1.14376517e+02]
 [-1.67289188e+01  1.15308161e+02]
 [-1.70922867e+01  1.16239807e+02]
 [-1.74556516e+01  1.17171454e+02]
 [-1.78189737e+01  1.18103117e+02]
 [-1.81822043e+01  1.19034816e+02]
 [-1.85452950e+01  1.19966570e+02]
 [-1.89082508e+01  1.20898377e+02]
 [-1.92712415e+01  1.21830169e+02]
 [-1.96344705e+01  1.22761869e+02]
 [-1.99981412e+01  1.23693397e+02]
 [-2.03622556e+01  1.24624751e+02]
 [-2.07262007e+01  1.25556171e+02]
 [-2.10892359e+01  1.26487947e+02]
 [-2.14506205e+01  1.27420363e+02]
 [-2.18103605e+01  1.28353416e+02]
 [-2.21707441e+01  1.29286220e+02]
 [-2.25345302e+01  1.30217701e+02]
 [-2.29044663e+01  1.31146755e+02]
 [-2.32824499e+01  1.32072564e+02]
 [-2.36678457e+01  1.32995313e+02]
 [-2.40595023e+01  1.33915423e+02]
 [-2.44562775e+01  1.34833337e+02]
 [-2.48569994e+01  1.35749536e+02]
 [-2.52603838e+01  1.36664567e+02]
 [-2.56651268e+01  1.37578997e+02]
 [-2.60699269e+01  1.38493402e+02]
 [-2.64738513e+01  1.39408195e+02]
 [-2.68770776e+01  1.40323295e+02]
 [-2.72800171e+01  1.41238522e+02]
 [-2.76830810e+01  1.42153694e+02]
 [-2.80865181e+01  1.43068701e+02]
 [-2.84900875e+01  1.43983650e+02]
 [-2.88934456e+01  1.44898692e+02]
 [-2.92962483e+01  1.45813979e+02]
 [-2.96981404e+01  1.46729666e+02]
 [-3.00987329e+01  1.47645922e+02]
 [-3.04976292e+01  1.48562918e+02]
 [-3.08944319e+01  1.49480822e+02]
 [-3.12889935e+01  1.50399691e+02]
 [-3.16819187e+01  1.51319261e+02]
 [-3.20739726e+01  1.52239203e+02]
 [-3.24659215e+01  1.53159190e+02]
 [-3.28583252e+01  1.54078983e+02]
 [-3.32511270e+01  1.54998607e+02]
 [-3.36441390e+01  1.55918140e+02]
 [-3.40371731e+01  1.56837664e+02]
 [-3.44300905e+01  1.57757238e+02]
 [-3.48228985e+01  1.58676858e+02]
 [-3.52156355e+01  1.59596509e+02]
 [-3.56083405e+01  1.60516173e+02]
 [-3.60011614e+01  1.61435788e+02]
 [-3.63945720e+01  1.62355151e+02]
 [-3.67891154e+01  1.63274028e+02]
 [-3.71853333e+01  1.64192185e+02]
 [-3.75835181e+01  1.65109490e+02]
 [-3.79832242e+01  1.66026133e+02]
 [-3.83838491e+01  1.66942375e+02]
 [-3.87847911e+01  1.67858479e+02]
 [-3.91855729e+01  1.68774652e+02]
 [-3.95860858e+01  1.69690943e+02]
 [-3.99863004e+01  1.70607365e+02]
 [-4.03861868e+01  1.71523929e+02]
 [-4.07855421e+01  1.72440726e+02]
 [-4.11836501e+01  1.73358064e+02]
 [-4.15796825e+01  1.74276300e+02]
 [-4.19728093e+01  1.75195784e+02]
 [-4.23626228e+01  1.76116677e+02]
 [-4.27499714e+01  1.77038610e+02]
 [-4.31359788e+01  1.77961106e+02]
 [-4.35217702e+01  1.78883692e+02]
 [-4.39081589e+01  1.79806028e+02]
 [-4.42950364e+01  1.80728159e+02]
 [-4.46820948e+01  1.81650214e+02]
 [-4.50690312e+01  1.82572321e+02]
 [-4.54558224e+01  1.83494488e+02]
 [-4.58426220e+01  1.84416652e+02]
 [-4.62294216e+01  1.85338815e+02]
 [-4.66162212e+01  1.86260979e+02]
 [-4.70030208e+01  1.87183143e+02]
 [-4.73898205e+01  1.88105307e+02]
 [-4.77766201e+01  1.89027471e+02]
 [-4.81634197e+01  1.89949634e+02]
 [-4.85502193e+01  1.90871798e+02]
 [-4.89370189e+01  1.91793962e+02]
 [-4.93238185e+01  1.92716126e+02]
 [-4.97106181e+01  1.93638290e+02]
 [-5.00974177e+01  1.94560453e+02]
 [-5.04842174e+01  1.95482617e+02]
 [-5.08710170e+01  1.96404781e+02]
 [-5.12578166e+01  1.97326945e+02]
 [-5.16446162e+01  1.98249109e+02]
 [-5.20314158e+01  1.99171272e+02]
 [-5.24182154e+01  2.00093436e+02]
 [-5.28050150e+01  2.01015600e+02]
 [-5.31918147e+01  2.01937764e+02]
 [-5.35786143e+01  2.02859927e+02]
 [-5.39654139e+01  2.03782091e+02]
 [-5.43522135e+01  2.04704255e+02]
 [-5.47390131e+01  2.05626419e+02]
 [-5.51258127e+01  2.06548583e+02]
 [-5.55126123e+01  2.07470746e+02]
 [-5.58994119e+01  2.08392910e+02]
 [-5.62862116e+01  2.09315074e+02]
 [-5.66730112e+01  2.10237238e+02]
 [-5.68436034e+01  2.10643945e+02]]
